178.835509 28.711549 62.581877 73.856829 10.710901 
18.111682 64.121478 1680.270000 77.593217 17.974266 
58.609663 33.285414 1672.682966 25.864406 17.472138 
186.343437 37.889335 1670.530630 28.635633 20.560049 
66.542621 30.096741 62.581877 24.247281 47.143853 
543.930685 30.228759 66.377430 7.154674 31.308596 
58.953950 95.664396 1665.590345 32.468518 22.799301 
55.966949 33.285414 1672.682966 25.373361 13.081823 
54.335045 30.746693 1674.537914 25.864406 17.974266 
54.405066 25.793747 1675.341956 24.247281 13.081823 
62.077343 30.746693 1675.308906 24.247281 13.081823 
186.899511 33.285414 1674.120856 31.887922 17.472138 
185.628255 39.787324 1674.988361 28.635633 24.500977 
546.456308 30.096741 62.581877 72.741844 141.431558 
66.542621 10.076253 59.920559 21.464021 15.136687 
176.861851 10.566912 1665.590345 25.373361 24.227009 
57.000178 95.664396 1665.590345 97.405553 14.338199 
54.405066 25.793747 1675.341956 25.864406 13.081823 
178.835509 29.950717 20.860626 24.247281 13.330940 
187.689940 26.012464 1678.469844 24.618943 10.710901 
